1 
2 
3 
5 
7 
11 11 
31 13 
71 17 
13 31 
73 37 
17 71 
37 73 
97 79 
79 97 
311 131 113 
113 311 131 
719 971 197 
919 991 199 
131 113 311 
733 373 337 
337 733 373 
971 197 719 
373 337 733 
991 199 919 
197 719 971 
199 919 991 
3119 9311 1931 1193 
1193 3119 9311 1931 
9311 1931 1193 3119 
9377 7937 7793 3779 
3779 9377 7937 7793 
7793 3779 9377 7937 
1931 1193 3119 9311 
7937 7793 3779 9377 
91193 39119 93911 19391 11939 
11939 91193 39119 93911 19391 
71993 37199 93719 99371 19937 
93719 99371 19937 71993 37199 
93911 19391 11939 91193 39119 
37199 93719 99371 19937 71993 
39119 93911 19391 11939 91193 
99371 19937 71993 37199 93719 
19391 11939 91193 39119 93911 
19937 71993 37199 93719 99371 
919393 391939 939193 393919 939391 193939 
319993 331999 933199 993319 999331 199933 
331999 933199 993319 999331 199933 319993 
933199 993319 999331 199933 319993 331999 
939193 393919 939391 193939 919393 391939 
939391 193939 919393 391939 939193 393919 
391939 939193 393919 939391 193939 919393 
993319 999331 199933 319993 331999 933199 
393919 939391 193939 919393 391939 939193 
193939 919393 391939 939193 393919 939391 
999331 199933 319993 331999 933199 993319 
199933 319993 331999 933199 993319 999331 
['Всего 56']
